10 6 1 7 3 8 10 6 1 7 3 5 10 10 6 1 1 1 3 3
hit = 4.000000
miss = 16.000000
hit/miss = 0.250000
