10 10 10 10 6 6 6 1 8 5 1 1 1 7 7 1 3 3 3 3
hit = 12.000000
miss = 8.000000
hit/miss = 1.500000
