10 10 6 1 3 8 5 3 1 1 1 10 7 7 1 6 10 6 3 3
hit = 10.000000
miss = 10.000000
hit/miss = 1.000000
